              precision    recall  f1-score   support

   BC_benign       0.00      0.00      0.00         6
          BC       0.90      0.95      0.92       135
          BL       0.82      0.86      0.84        80
          BT       0.72      0.59      0.65        81
          CC       0.84      0.90      0.87       319
          EC       0.87      0.84      0.86       113
          GC       0.86      0.90      0.88       283
   GL_benign       0.50      0.20      0.29         5
          GL       0.89      0.98      0.93        49
          HC       0.77      0.73      0.75        70
          LK       0.92      0.90      0.91       340
   OV_benign       0.00      0.00      0.00         5
          OV       0.82      0.74      0.78        80
          PC       0.84      0.89      0.87       170
   PR_benign       1.00      1.00      1.00        46
          PR       0.92      0.94      0.93       206
   SA_benign       0.81      0.76      0.78        62
          SA       0.98      0.81      0.89        59
         VOL       1.00      1.00      1.00      1129

    accuracy                           0.91      3238
   macro avg       0.76      0.74      0.74      3238
weighted avg       0.91      0.91      0.91      3238
